11995334636
11998272522
11975348473
11961855146
11998983561
41996700741
41992329282
41991384951
41998110397
45996700741
11941251352
11977823403
11971785775
11975752091
11953194724
11964779992
11968643479
11999304737
11996702129
11953103903
11964844556
11969032090
11988832094
11985188168
11964833787
11964836768
11972464307
11972661099
11974660305
11979979868
19972661099
11974714424
11944950716
11997023747
11972982064
11975863005
11957835755
11957704736
11957850307
11975528812
11975328277
11968657343
11956002549
11995557331
11996958531
11998437188
11998048473
11974985828
11950265766
11999014923
11995302680
11964844554
11953026800
11991443957
14997934079
25022014130
30122019110
30122019100
11963752485
11968454900
11964173983
11997076742
11977872491
11972553304
08042020100
11971884398
11995938977
11974441886
11947897872
11944964431
11956520290
11941559018
11978521164
11970964014
11974441853
11956920238
087506402025
11958864339
11997766225
11965250194
11998682194
11976080326
11992452128
11996115619
11994898490
11994898464
11994898494
51991554309
11980935369
11979921512
13988246798
11981419163
11985176625
11993057781
11983519388
11983469940
41910231717
41910229136
41988234856
41910216363
41991552375
41991093337
41991676660
41984295887
41991526593
41991220367
41991479452
41991098581
41991236127
41987210863
41992279783
41997767475
41988617093
41988571513
41998471923
41984719235
41985358157
55999330092
55996648915
41991727758
41991064809
41988745941
41995382251
41984746498
41988535494
41996019509
41985151520
41984151520
41997507247
41998293558
41910068466
41987256251
41987285115
08042020130
14102013120
31032020110
18032015100
41985021880
41987011551
41987040859
41991990460
41991375527
41995438186
41996428663
41991993501
41999866042
41998399539
41999254361
41999458978
41991553422
41991630197
41984235430
41984233336
41988872509
41999846914
41997728986
41910053420
41996733476
41996198430
41991022026
41991110111
41984984165
41984354955
41991848963
41991749272
41991527060
41991220966
41991511754
41998423018
41996311754
41991511457
41991236713
41991433971
41992123550
41991118662
41998991917
41996909416
41995213825
41998920458
41992852757
15981504766
41988989771
41996048757
41999312790
45996048757
41996960236
41992258054
41987263459
41992350966
41995404584
41991564101
41987679739
41987663139
41991291887
41999700709
41999766045
41996336618
41999422464
41992424719
41996428444
41998315841
41984774375
41991296339
41992058228
41991554966
41987018902
41996270316
41988078007
41988155437
41996834883
41996834831
41999993371
41995160746
41965761560
41992168391
41996576156
41991783357
41997107113
41996909508
41998864160
41995821355
41988122501
41997512618
41991955505
41995792559
41996656360
21981679821
21981229610
21981660102
21991453607
21978366580
21993856223
42988725289
42991297918
41984702991
41992110975
41987028931
41987242679
41991487911
41984812599
41988293975
41999470784
41988316326
41987383710
41995290790
41997034253
41997454188
41992529051
41998327495
41992649162
41991718794
41985038948
41988564823
41985038978
41984128389
42984169564
41992043552
41984188662
81995377887
81996370187
81996370250
31986686579
31992509757
31992261009
31993004900
31992457696
31971109293
31984675548
31983917132
31999300490
41987041712
41996468532
41988385001
41910079897
41997542537
41985085747
41987386357
41992862138
48998232250
41998944336
41991322192
48991105841
41999542703
41984823524
41992902703
41997884245
41988453480
41991123524
41988412274
41991969808
41992192023
41991031718
41988271983
41984653389
41991120859
41991815127
41999334987
41988369449
41998308923
41984545685
10032020130
13082009120
14102019110
14102019100
22998315631
27998741418
27999982333
11972423572
11997242357
27999874141